qz	intensity_normalized	e_intensity_normalized
0.017991569339373483	0.9981347866360144	0.10275413823072248
0.018620787714124423	1.0018652133639856	0.10312849457418045
0.019252574342502073	1.0039407380400254	0.10334552066113972
0.01987547613625497	1.0112309899030523	0.10411389616220963
0.020500998736627744	0.8428174619677926	0.08698036964565951
0.021126986761672455	0.8300017042162543	0.08568958105444585
0.021750499885801352	0.6975069970225483	0.07221531727840567
0.022378774963485285	0.5965636077616094	0.061921739027012125
0.02300471528743827	0.5557547157495422	0.05775571190440121
0.02363004859007586	0.35963323413843684	0.03770231512752084
0.024257620447885674	0.2343735613202786	0.024841959073316152
0.024881220882644307	0.19749980050419588	0.02104734193551734
0.025514030513842493	0.1527328354933441	0.01642047958768702
0.026030488072572085	0.1291048163535762	0.013234484560922908
0.026145062465427298	0.1108936772237412	0.012069462044941191
0.026772964059761945	0.09455928696007992	0.010357834507030494
0.02739515567257194	0.08735115113845958	0.009607756831005915
0.027915244882507403	0.07105465899891193	0.007334476299152487
0.028022116113907945	0.06747898737648894	0.007522540320602747
0.029832547487491017	0.04390709937778603	0.004571051004783183
0.03172879961592376	0.03294291060277351	0.003451909871399265
0.03364701541972842	0.022519281182043306	0.002382498312051303
0.03554806283389152	0.016841809146560617	0.0017974149463280444
0.03744909944838611	0.012780423817813911	0.001376551478646107
0.03934324087176428	0.010092765068170995	0.0010972444665886345
0.041249679131708204	0.008001585085850525	0.0008784570956222866
0.04305984957542534	0.007329364610895058	0.0007560425816628309
0.04314188279641163	0.006587070643773838	0.0007289153270326844
0.04503795650058765	0.005421625795757645	0.000606179802968547
0.04532190111001911	0.005960998565924862	0.0006159932723732431
0.04761137954292492	0.004682463341241097	0.00048611563832889855
0.04989836337455162	0.0037845846491731294	0.0003943074905708774
0.05219023485847739	0.003086756146000734	0.0003230590313262199
0.05448662201803134	0.0025330218967612754	0.00026614904674476244
0.05677919230793575	0.0021403480330754905	0.00022604979081860537
0.05906851841257536	0.0018112665124959994	0.0001920795461756003
0.06137852835836737	0.001526511922909358	0.00016296356702528118
0.06366167112644378	0.0013056035643792413	0.0001399517282172116
0.06595320350731088	0.0011162313020226802	0.00012039772826228601
0.06824278521026642	0.0009698602300590938	0.00010515926450368526
0.07009989488854393	0.0009099457933838291	9.347190700115766e-05
0.07052345843214118	0.0008300199549745904	9.059749542861796e-05
0.07281442503955567	0.000719305761865115	7.889436215178457e-05
0.0735816199158311	0.000747831984163811	7.693363856924128e-05
0.07510845204571534	0.0006418322455938523	7.083188051116016e-05
0.07708464765139289	0.0006130060811007066	6.324795906734738e-05
0.08058390215805322	0.0005088298063116287	5.264287641654484e-05
0.08409045387984465	0.00042436413671635204	4.4051945299700945e-05
0.08759361159675923	0.00035806052047560754	3.729405147472103e-05
0.09111229136701432	0.00030101772061843303	3.146608942865241e-05
0.0946346200352716	0.00025521343060199705	2.6782572711759197e-05
0.09814721093390653	0.00021723882034277418	2.2897893382871554e-05
0.10165137810994884	0.00019060460381998683	2.0145484691600523e-05
0.10515334548673794	0.00016337075551218076	1.7339499205353122e-05
0.108654063202005	0.0001417941772469464	1.5108401438957747e-05
0.11215234541399159	0.00012335056967888256	1.320682083020872e-05
0.11566732302221404	0.00010882706824787622	1.171499126703269e-05
0.11915443179025477	9.544660335457775e-05	1.0313447294393327e-05
0.12264709866249486	8.501999705266797e-05	9.233714994368446e-06
0.12615513071440013	7.529019100612383e-05	8.217530779534844e-06
0.12966269963559615	6.676678339571001e-05	7.326628163849093e-06
0.13017655910514647	6.80394128794296e-05	7.008833758510108e-06
0.13316872523367881	5.882739692279906e-05	6.496166532348779e-06
0.13666830435968141	5.333699804066816e-05	5.916219876486257e-06
0.13851314848025104	5.2221637528381446e-05	5.396421999684477e-06
0.14017452158128696	4.732277598105516e-05	5.286158531755359e-06
0.14685057665510876	4.071254643086118e-05	4.226965632867555e-06
0.1551994669384581	3.179740998983124e-05	3.323123589075994e-06
0.16380046663215098	2.5511028847701426e-05	2.6773955091651813e-06
0.1720808172661015	2.0478496640896596e-05	2.161453087984248e-06
0.18023794687684838	1.6071663079193924e-05	1.7117554739471317e-06
0.18859642154957154	1.328293999040852e-05	1.4232378785200403e-06
0.19692372971122737	1.0995837005272896e-05	1.1910145154209272e-06
0.20527416713385532	8.909014773978294e-06	9.710254533249413e-07
0.21361402470712068	7.478872202692204e-06	8.22088988869688e-07
0.22197658304086856	6.0867108613050225e-06	6.768353620581624e-07
0.23031342422880527	5.201509285776196e-06	5.811440837674583e-07
0.23865956594132964	4.273071689815456e-06	4.834159149439542e-07
0.24700498747966967	3.7991172610861077e-06	4.3317191616775236e-07
0.25535396566638363	3.1793586826444886e-06	3.669429340497028e-07
0.2603867803896355	2.7448327561244056e-06	2.8200583444796364e-07
0.26371466341106164	2.7703251981973474e-06	3.2287878482048214e-07
0.2720462579976638	2.370226013687984e-06	2.8099350212802694e-07
0.27638700802881094	2.052451123319074e-06	2.1177299130841345e-07
0.280399223720128	2.0770613384763253e-06	2.487461963957942e-07
0.2924177087968337	1.5334824316879298e-06	1.5929591819906001e-07
0.30843524299605873	1.163830212349542e-06	1.2167087811130692e-07
0.3244694813765798	8.907297647062385e-07	9.392443459395001e-08
0.3404967393651243	6.840850456365142e-07	7.288207715567978e-08
0.3505050967017768	5.790678683370112e-07	6.114817509708697e-08
0.3805587182851413	3.62055906232615e-07	3.904288772095703e-08
0.41059131372813296	2.2935031633336634e-07	2.5588289646580625e-08
0.4406424429256528	1.455302839723513e-07	1.7077453916056587e-08
0.470680570308045	9.446054652529277e-08	1.165547607643351e-08
0.500741002506428	6.192589340045853e-08	8.408852563659615e-09
0.5307751152611722	3.941123929188945e-08	5.9429498842590594e-09
0.550792508817214	3.1646602849671684e-08	4.104036612900167e-09
0.6008790441464373	1.587171435011584e-08	2.484258566921427e-09
0.6509500212067552	8.487949838496394e-09	1.690201604632756e-09
0.7010185616892213	2.5683297688031747e-09	1.0800560532528945e-09
0.7510873330689334	2.138986887107981e-09	7.94140727166526e-10
0.7761397002276736	1.3118851716162723e-09	7.212259276818791e-10
0.8011777200863097	1.2958754615313511e-09	7.049564531912889e-10
