qz	intensity_normalized	e_intensity_normalized
0.01799835076919322	0.9961833162937302	0.10240238187193379
0.018627705817044826	1.00381668370627	0.10317630503281157
0.01925336989139438	1.0105974609490642	0.10387262112945285
0.019869914336452354	1.018020872257988	0.10461938649357966
0.02049871024942203	1.0253157252503822	0.10537112726643297
0.02112858140371802	1.0147350189460884	0.10428117221768908
0.02175634202315411	0.9539989111418722	0.09814070177475978
0.022383499184834395	0.6285649331613112	0.0650774474549675
0.023007333211031097	0.4271481174663094	0.044538992753944
0.023634579948201166	0.31159225852148653	0.03273580222928771
0.024262018773070132	0.24548907872620923	0.02593443770728944
0.024887953171819844	0.18932853398147317	0.020163885057931524
0.02551739845427404	0.15331397913053413	0.01644007265311502
0.02601506821033844	0.12028920844938455	0.012323005613350336
0.026148430406436753	0.12523845722041188	0.013536311238967685
0.026768008616864822	0.10460284084730076	0.011371042721576586
0.027398288772128614	0.08876223552652691	0.009724851587544176
0.027915851113719633	0.07780647156231563	0.00800978435269338
0.028024502801657726	0.07511465912758966	0.008291401592329321
0.029827641254464497	0.04927677649480219	0.005108877403675509
0.03173866118241989	0.03316948104425647	0.0034664758671798875
0.03364823151956493	0.024117551893266528	0.002538345722440355
0.03554829393594087	0.01759480896618156	0.001868636767085402
0.03745148237478184	0.013339375720208787	0.001428436710565151
0.03935095797754599	0.010420288603523502	0.001127725963124846
0.04125575962570331	0.00827838463050659	0.000903047723006628
0.04304835984527756	0.007412721525677517	0.000763363365826464
0.04315072122214826	0.006757159541266953	0.0007445575244619911
0.04504922709945691	0.00554590025448843	0.0006162000007942241
0.04532344292001865	0.00597611848472054	0.0006166253804305737
0.04760717468082401	0.004770024554680534	0.0004939867204976215
0.049898783852966845	0.0038465833165370997	0.00039985517269735074
0.05219117064190546	0.003142103565465525	0.000327964160253985
0.054498267656028866	0.002595245952126795	0.0002720492314840299
0.05679569794751011	0.0021768246131807162	0.00022925648616965643
0.059075909898311296	0.0018457456373437403	0.00019517926595398718
0.06137978513631699	0.001549003331031869	0.0001647074357617141
0.06364927968464879	0.0013402563098448466	0.00014309166508554705
0.06594515171351165	0.001140806412576806	0.00012252518751796249
0.06823661451208143	0.0009913491431555337	0.0001069541779395429
0.07009433472317947	0.0009057905587912823	9.291187052119042e-05
0.07051901445272517	0.0008505004021287753	9.224350906798887e-05
0.07280811435314652	0.0007374151183439597	8.050074206982425e-05
0.07358591876869348	0.0007574066275785509	7.780424219689954e-05
0.0751043834021879	0.0006513505413846793	7.144523706034311e-05
0.07708361666278113	0.0006182212582605081	6.368536039401259e-05
0.08058362193218362	0.000512962016924829	5.300345764488823e-05
0.084093636961442	0.0004254977561533254	4.410638590214151e-05
0.08759767447396664	0.000358460141516083	3.72698345222554e-05
0.09111710510332431	0.0003037219378446707	3.16938026980763e-05
0.09464191048517642	0.0002604285175452873	2.726421397796866e-05
0.09814421845922915	0.000224116087070141	2.354500879731194e-05
0.10165446608578858	0.0001890731220387758	1.994570484906832e-05
0.10515479723063173	0.0001656441755845666	1.7533091238219165e-05
0.10866668162976273	0.000142694547179509	1.5177616265246615e-05
0.11216547936004	0.00012751334640018178	1.3604237205570077e-05
0.11566906238977342	0.00010900045637418636	1.1693705474353834e-05
0.11916462460282136	9.645669147555914e-05	1.0388773312025056e-05
0.12264953081149298	8.454632364402122e-05	9.150932810344818e-06
0.1261547986187035	7.476539878756495e-05	8.136206683847118e-06
0.12966152742922363	6.66453149401351e-05	7.286157340434213e-06
0.13018193106855114	6.878556712364828e-05	7.075485441845901e-06
0.1331743682897617	5.908494271424512e-05	6.501993625564064e-06
0.1366639652528838	5.497317957436542e-05	6.063431569391583e-06
0.1385183271962696	5.27792934913187e-05	5.448106496173388e-06
0.14017587760727324	4.744363045377068e-05	5.2755915202539715e-06
0.14682840350353948	4.09312899966317e-05	4.2439516191375e-06
0.15519913344590225	3.181637939695359e-05	3.3198761314394357e-06
0.16356701299041676	2.555663289831745e-05	2.679198271836448e-06
0.1718035484498584	2.0868179233735388e-05	2.1991588434860393e-06
0.1802382264976569	1.6417295538403814e-05	1.746548101051441e-06
0.18857876802469858	1.3521888660265005e-05	1.444384684933352e-06
0.19692029281738288	1.0956721435482309e-05	1.1804862358153782e-06
0.20527552285692124	8.991456177608814e-06	9.778550703653288e-07
0.21361584025015995	7.392718180547435e-06	8.11580700874884e-07
0.2219749887049057	6.199395651104372e-06	6.881091327730371e-07
0.23030959651129365	5.364961278026357e-06	5.976331814536199e-07
0.2386538047276336	4.420920036622447e-06	4.989721602175235e-07
0.24700741946119634	3.7894553184049493e-06	4.3182791620420623e-07
0.2553552433283425	3.2800036734849285e-06	3.769541758388961e-07
0.26038661741742924	2.788556459091509e-06	2.861838665768647e-07
0.2637137261919402	2.7815565550184186e-06	3.235740058346794e-07
0.2720564416761526	2.2746267156403643e-06	2.6971075572068087e-07
0.27638593136406925	2.075301200190685e-06	2.1389456817682402e-07
0.28039432239714895	1.9939540731676728e-06	2.387281754211439e-07
0.29241270582093126	1.5516671113880443e-06	1.6094169198481676e-07
0.30843263628107337	1.1701883434178962e-06	1.2218708720217046e-07
0.32447219111637676	9.01006365582698e-07	9.47862352652769e-08
0.3404951069699475	6.845443359646966e-07	7.287573340023992e-08
0.35050308834152877	5.891507480142776e-07	6.216028307178745e-08
0.3805551786447905	3.683006647486048e-07	3.9623398228954936e-08
0.41059189473709345	2.3605912702921196e-07	2.6160225165581772e-08
0.4406448129401304	1.4908319420692843e-07	1.7286948091968708e-08
0.47067813891142485	9.654651866065768e-08	1.1917260782477648e-08
0.5007361399260083	6.142859274570065e-08	8.314674586286382e-09
0.530782337095392	4.171801893371708e-08	6.118826067452033e-09
0.5507926454350803	3.251066403998365e-08	4.168855318753628e-09
0.6008802754154738	1.6523262293029056e-08	2.5305990570320167e-09
0.6509531252485008	9.139750966667976e-09	1.799428142302474e-09
0.7010138412141093	4.369913071943934e-09	1.2787838774787058e-09
0.75109173766047	2.0120359001446358e-09	7.965472343345944e-10
0.7761437083366277	2.4719183691403e-09	8.109680087941422e-10
0.8011773883003656	6.956246353554829e-10	6.455531508943724e-10
