qz	intensity_normalized	e_intensity_normalized
0.017995869503073122	0.9997102143282898	0.10180388394247546
0.018569220847453494	1.0002897856717103	0.10187174978924317
0.01912709883675172	1.0055891735723221	0.1023959211366748
0.01968866314894049	1.0051550024222784	0.1023541020137822
0.020252943022506548	1.0042863906040314	0.10226295684197104
0.02081488125277294	1.0023207003387815	0.10206157957033934
0.021383088696501042	0.9985928449839633	0.10168083229089124
0.02194306677715337	0.9298765441977727	0.09474536806035667
0.022508136398890377	0.49713062841133937	0.051001474019046776
0.02306656773856849	0.3240172340328269	0.033442590845458954
0.02363392814760203	0.23684026136094885	0.02457214384157974
0.024194324366100233	0.18892002898068996	0.019686462895035044
0.024759065572227942	0.15031467222968686	0.015740495038711166
0.025327594594090046	0.12231035954983863	0.0128713126097839
0.025897945280485748	0.10179837279147302	0.010766699116558996
0.026032647127593064	0.09354818746217129	0.009522453429160136
0.026464745229913798	0.0877082520355348	0.009311525912045539
0.02702410769627682	0.07572875403641595	0.00807297762554762
0.027509036013377917	0.06607647431554232	0.006745536273354884
0.029035984242192347	0.045962762946888884	0.004711299618095889
0.03053533898235634	0.03369828473620682	0.0034685162317742314
0.03204127627486957	0.02557862815096146	0.0026440359686596524
0.0335431423499233	0.020091494450122472	0.0020853859128582113
0.03503985355627536	0.01597134564862229	0.0016653645657796665
0.036552833339003894	0.012793261502401664	0.0013403030932930917
0.03803363067461213	0.01053440522608226	0.0011085692950303452
0.039044765673100494	0.010199668264645528	0.0010366494186420632
0.03953710616694824	0.008705218816227144	0.0009208448541530408
0.041037066032856055	0.0071949575403266455	0.0007654021673367574
0.0420405569248038	0.007226446785363446	0.0007363702593951487
0.04503473270914266	0.005186560494713684	0.0005302940309481506
0.04804004994959296	0.003876821269331382	0.0003977634499945897
0.05104865311449688	0.0029376908686903134	0.00030257442546285826
0.054064649790784645	0.0022748624403958356	0.0002352540134604899
0.057066400171413366	0.001810793998124692	0.00018798319040541473
0.0600916202946058	0.0014216116843600933	0.00014830849956646764
0.06308677642303846	0.0011569078883375758	0.00012123552566877422
0.06608674442024241	0.000955913095525968	0.00010062963898877079
0.06709265271251771	0.0009234143775408767	9.386857038548689e-05
0.0690916666003142	0.0007796636461315797	8.251215355164618e-05
0.07085834993076677	0.0007334856726749726	7.46766891884241e-05
0.07464870836817444	0.0005848929884958365	5.96767281768961e-05
0.07841166718393136	0.0004751749732107076	4.859115792236231e-05
0.08220113993909677	0.00038665509123577866	3.963186252596303e-05
0.0859890057224386	0.0003190172333075526	3.27858769723841e-05
0.08977959758112931	0.0002661215853734244	2.7418145077279784e-05
0.09357679989108725	0.000222093559558838	2.294514505752135e-05
0.09736412166227132	0.00018794807281422867	1.946778640620088e-05
0.10115472577130667	0.00015832797694039663	1.6454179871702086e-05
0.10493002249145734	0.00013501336833598323	1.4074051396985993e-05
0.10870625498614733	0.00011600220042254265	1.2132904857400684e-05
0.11248049069408243	0.00010104943725274995	1.0605325436009952e-05
0.11625174545582102	8.72654434620163e-05	9.191904576430703e-06
0.12003244102340135	7.549783894553294e-05	7.98350448730548e-06
0.12381896781360427	6.626456987849312e-05	7.035108458109946e-06
0.12519442182622234	6.759856019041143e-05	6.887834930032566e-06
0.12759890411933703	5.8878861115762193e-05	6.271626268515468e-06
0.13138306977591138	5.104141285429013e-05	5.462588238075044e-06
0.13284172083527349	5.203569113489254e-05	5.3136583000134005e-06
0.13516666475351513	4.57671688837057e-05	4.91761582739407e-06
0.1405148214016775	4.033866739735935e-05	4.131822192727887e-06
0.14818673295857482	3.2048952108150535e-05	3.2927602662773865e-06
0.1558631166031415	2.5576951828603264e-05	2.636382930588415e-06
0.16357080102715263	2.063120737382809e-05	2.1349428978778e-06
0.1712438243320719	1.6895309679935138e-05	1.7549060822065013e-06
0.17889760024626877	1.3895197616171369e-05	1.450134089934565e-06
0.18658559403929828	1.1323258842823258e-05	1.1882002126041116e-06
0.19425300120600975	9.541692235019048e-06	1.0035432043701403e-06
0.20194165982432755	7.912798551016033e-06	8.375651966698298e-07
0.20961527388107895	6.590408664204204e-06	7.020188985814173e-07
0.21731269977029954	5.625333871928786e-06	6.02494160438907e-07
0.22032491944838387	5.108590388070583e-06	5.169497741366204e-07
0.22498166212844578	4.781162802441895e-06	5.147237129832434e-07
0.23264968007283784	4.04910877587502e-06	4.3916439336195817e-07
0.24032105501370302	3.4495912019678666e-06	3.7653444181336314e-07
0.24433993906384713	3.146336888554671e-06	3.1950791245401726e-07
0.268376033854425	2.0086987198847823e-06	2.0490071267054143e-07
0.29241055231129764	1.3251909445812937e-06	1.3589233827836459e-07
0.3164409520935923	8.849033328163228e-07	9.137724332952033e-08
0.34049437917286507	6.024040679094235e-07	6.275223271202358e-08
0.350492178343365	5.184181238278531e-07	5.3680120221098205e-08
0.3805579645638456	3.253392582127569e-07	3.4121850299438546e-08
0.41060106823271675	2.0758451201943508e-07	2.2168632018215606e-08
0.44064271875361777	1.3454549255383835e-07	1.4824977611292125e-08
0.4706877269076232	8.529792895639791e-08	9.817379410972359e-09
0.5007384144193835	5.556491728448752e-08	6.761614248737299e-09
0.5307751641452528	3.6306641167289626e-08	4.688957051703037e-09
0.5507902283481234	2.7697502806067043e-08	3.2711245642244708e-09
0.6008835139622559	1.4524006420601203e-08	1.9310341990289956e-09
0.6509544732585384	6.841662682062107e-09	1.1428876958204607e-09
0.7010119362407442	4.223342944698874e-09	8.774554530236388e-10
0.7510812162345917	2.2340373037387284e-09	5.472880225764996e-10
0.8011612188692553	1.2335148280691165e-09	4.4479925641231954e-10
0.851241804014662	8.037991365979749e-10	4.02257110616617e-10
0.901302217570547	7.403383371175901e-10	4.003705875618767e-10
0.9513964605493943	2.833843129821508e-10	3.611294554762498e-10
1.0014657872603296	4.712112719577433e-10	3.848906150854694e-10
